279835 2.11552e+06 49.795
-1051.41 -467.91 -13.455 1051.41 467.91 13.455
605
-989.523 299.592 -11.685 -989.523 299.592 0
-994.32 336.018 -9.425 -994.32 336.018 0
-980.353 352.577 -9.895 -980.353 352.577 0.875
-973.528 316.569 -10.705 -973.528 316.569 0
-959.381 331.789 -10.405 -959.381 331.789 0.485
-961.727 340.718 -10.805 -961.727 340.718 5.105
-954.978 261.711 -11.845 -954.978 261.711 0
-971.876 282.508 -10.955 -971.876 282.508 0
-954.737 296.254 -10.875 -954.737 296.254 0
-938.438 275.805 -10.895 -938.438 275.805 0
-923.457 285.127 -10.825 -923.457 285.127 0.075
-930.953 296.588 -10.805 -930.953 296.588 0
-924.717 311.956 -12.165 -924.717 311.956 0
-857.764 28.4771 -10.055 -857.764 28.4771 0
-848.608 71.4291 -10.105 -848.608 71.4291 0
-839.561 47.1089 -9.855 -839.561 47.1089 0
-818.731 48.0197 -10.425 -818.731 48.0197 0
-891.163 66.5796 -10.915 -891.163 66.5796 0
-830.998 80.3774 -10.895 -830.998 80.3774 0
-837.934 101.635 -10.995 -837.934 101.635 0
-913.494 195.871 -11.625 -913.494 195.871 0
-895.638 144.007 -11.565 -895.638 144.007 0
-904.717 170.215 -11.665 -904.717 170.215 0
-877.858 150.867 -10.805 -877.858 150.867 0
-862.873 155.369 -11.485 -862.873 155.369 0
-887.354 176.74 -10.945 -887.354 176.74 0
-897.426 202.501 -10.975 -897.426 202.501 0
-871.553 180.005 -11.355 -871.553 180.005 0
-882.985 209.196 -10.995 -882.985 209.196 0
-844.11 164.329 -11.455 -844.11 164.329 0
-925.239 220.755 -11.465 -925.239 220.755 0
-908.748 227.629 -10.915 -908.748 227.629 0
-941.533 239.968 -11.845 -941.533 239.968 0
-922.143 251.626 -10.945 -922.143 251.626 0
-899.312 247.803 -10.725 -899.312 247.803 0
-908.211 262.24 -10.945 -908.211 262.24 0.065
-879.913 88.9534 -11.145 -879.913 88.9534 0
-858.806 99.0204 -10.305 -858.806 99.0204 0
-887.013 117.503 -11.345 -887.013 117.503 0
-868.238 124.805 -10.375 -868.238 124.805 0
-849.561 127.432 -11.155 -849.561 127.432 0
-833.297 150.949 -12.285 -833.297 150.949 0
-1029.02 335.355 -7.625 -1029.02 335.355 0.175
-1016.64 352.422 -0.665 -1016.64 352.422 0.185
-1003.49 372.714 -8.705 -1003.49 372.714 0
-1051.1 348.941 -8.245 -1051.1 348.941 1.775
-801.552 22.6216 -11.105 -801.552 22.6216 0
-792.444 -78.2128 -10.895 -792.444 -78.2128 0
-825.496 -33.294 -11.215 -825.496 -33.294 0
-813.459 -52.81 -11.085 -813.459 -52.81 0
-785.245 -47.67 -6.675 -785.245 -47.67 3.065
-803.815 -27.4594 -7.765 -803.815 -27.4594 1.995
-769.575 -31.9115 -11.365 -769.575 -31.9115 0
-784.476 -15.1168 -11.445 -784.476 -15.1168 0
-597.514 -134.792 -11.105 -597.514 -134.792 0
-574.441 -141.307 -10.905 -574.441 -141.307 0
-595.324 -114.521 -8.905 -595.324 -114.521 1.025
-568.968 -122.137 -9.645 -568.968 -122.137 0.175
-542.192 -129.891 -10.345 -542.192 -129.891 0
-564.773 -101.915 -11.245 -564.773 -101.915 0
-534.055 -111.723 -11.635 -534.055 -111.723 0
-546.973 -148.459 -11.075 -546.973 -148.459 0
-584.782 -95.9655 -10.475 -584.782 -95.9655 0
-754.46 -101.69 -10.525 -754.46 -101.69 0.135
-740.391 -107.57 -8.485 -740.391 -107.57 0
-773.227 -86.9096 -10.915 -773.227 -86.9096 0
-763.479 -64.602 -5.675 -763.479 -64.602 3.915
-738.848 -77.7145 -4.545 -738.848 -77.7145 4.695
-732.953 -58.1011 -11.125 -732.953 -58.1011 0
-752.472 -47.4403 -11.235 -752.472 -47.4403 0
-739.578 -34.6626 -13.415 -739.578 -34.6626 0
-748.604 -28.2589 -11.545 -748.604 -28.2589 0
-731.173 -91.9702 -11.045 -731.173 -91.9702 0
-727.649 -81.0855 -11.085 -727.649 -81.0855 0
-652.151 -121.052 -11.075 -652.151 -121.052 0
-625.831 -126.955 -11.275 -625.831 -126.955 0
-621.334 -107.147 -7.975 -621.334 -107.147 1.935
-648.926 -100.266 -6.955 -648.926 -100.266 2.445
-616.779 -88.2907 -11.115 -616.779 -88.2907 0
-640.925 -81.5723 -11.235 -640.925 -81.5723 0
-847.791 14.1041 -11.455 -847.791 14.1041 0
-837.113 -10.1354 -11.385 -837.113 -10.1354 0
-846.98 4.82908 -10.075 -846.98 4.82908 0
-818.518 -4.16899 -8.695 -818.518 -4.16899 1.185
-801.003 6.57856 -11.395 -801.003 6.57856 0
-830.018 21.2646 -9.445 -830.018 21.2646 0.475
-811.833 29.5762 -11.175 -811.833 29.5762 0
-675.852 -94.8161 -6.035 -675.852 -94.8161 3.775
-709.327 -108.066 -10.645 -709.327 -108.066 0
-702.948 -89.0398 -5.295 -702.948 -89.0398 4.075
-677.82 -114.783 -11.295 -677.82 -114.783 0
-706.115 -67.5929 -11.055 -706.115 -67.5929 0
-670.582 -75.3236 -11.065 -670.582 -75.3236 0
-683.339 -62.3465 -10.965 -683.339 -62.3465 0
-279.23 -172.636 -11.795 -279.23 -172.636 0
-284.111 -155.414 -11.045 -284.111 -155.414 0
-259.842 -148.131 -11.145 -259.842 -148.131 0
-264.802 -133.421 -11.965 -264.802 -133.421 0
-394.287 -188.613 -11.085 -394.287 -188.613 0
-420.601 -185.71 -11.235 -420.601 -185.71 0
-416.155 -165.1 -11.125 -416.155 -165.1 0
-391.318 -168.991 -11.145 -391.318 -168.991 0
-367.444 -189.121 -11.215 -367.444 -189.121 0
-367.523 -170.103 -11.215 -367.523 -170.103 0
-365.255 -154.667 -12.215 -365.255 -154.667 0
-415.206 -149.433 -12.145 -415.206 -149.433 0
-386.032 -153.648 -12.215 -386.032 -153.648 0
-438.125 -159.726 -11.235 -438.125 -159.726 0
-451.729 -176.905 -11.435 -451.729 -176.905 0
-465.65 -152.012 -11.075 -465.65 -152.012 0
-459.956 -133.416 -12.835 -459.956 -133.416 0
-471.074 -120.933 -13.005 -471.074 -120.933 0
-339.87 -168.153 -11.315 -339.87 -168.153 0
-311.448 -181.272 -11.395 -311.448 -181.272 0
-314.878 -163.598 -11.245 -314.878 -163.598 0
-339.718 -152.197 -12.225 -339.718 -152.197 0
-321.089 -146.831 -12.255 -321.089 -146.831 0
-337.664 -186.397 -11.245 -337.664 -186.397 0
-496.045 -163.867 -11.755 -496.045 -163.867 0
-516.435 -137.342 -10.715 -516.435 -137.342 0
-490.567 -144.71 -10.895 -490.567 -144.71 0
-485.352 -125.745 -11.895 -485.352 -125.745 0
-510.918 -118.052 -11.725 -510.918 -118.052 0
-201.928 -152.227 -12.065 -201.928 -152.227 0
-179.65 -160.627 -12.065 -179.65 -160.627 0
-229.282 -157.967 -11.965 -229.282 -157.967 0
-234.463 -140.582 -10.865 -234.463 -140.582 0
-245.706 -122.079 -12.145 -245.706 -122.079 0
-239.088 -125.751 -11.915 -239.088 -125.751 0
-220.425 -136.416 -11.075 -220.425 -136.416 0
-212.498 -117.428 -11.765 -212.498 -117.428 0
-229.781 -115.89 -12.505 -229.781 -115.89 0
-215.98 -110.938 -12.475 -215.98 -110.938 0
-203.734 -107.702 -11.915 -203.734 -107.702 0
-176.764 -141.124 -11.775 -176.764 -141.124 0
-171.917 -121.564 -11.025 -171.917 -121.564 0
-189.599 -110.503 -11.825 -189.599 -110.503 0
-182.095 -108.525 -11.755 -182.095 -108.525 0
-163.856 -102.365 -11.785 -163.856 -102.365 0
-157.903 -116.82 -11.015 -157.903 -116.82 0
-152.362 -133.694 -11.785 -152.362 -133.694 0
-127.163 -125.168 -11.965 -127.163 -125.168 0
-175.82 -98.6261 -11.105 -175.82 -98.6261 0
-131.954 -107.053 -10.975 -131.954 -107.053 0
-189.667 -103.318 -11.135 -189.667 -103.318 0
-137.538 -92.527 -11.965 -137.538 -92.527 0
75.7988 -23.4428 -11.485 75.7988 -23.4428 0
62.6083 -4.99191 -11.205 62.6083 -4.99191 0
53.7287 9.35667 -11.755 53.7287 9.35667 0
32.4809 -4.9212 -11.665 32.4809 -4.9212 0
41.0052 -18.5073 -11.325 41.0052 -18.5073 0
69.5164 22.9911 -11.805 69.5164 22.9911 0
23.0424 -44.8639 -11.805 23.0424 -44.8639 0
-13.2721 -64.2504 -12.125 -13.2721 -64.2504 0
-1.03343 -58.8799 -11.925 -1.03343 -58.8799 0
-10.4395 -46.3671 -11.175 -10.4395 -46.3671 0
-18.5715 -29.6941 -12.015 -18.5715 -29.6941 0
16.4282 -31.8213 -10.975 16.4282 -31.8213 0
7.67061 -19.0522 -11.825 7.67061 -19.0522 0
-67.0175 -59.0236 -12.145 -67.0175 -59.0236 0
-60.6502 -73.3032 -11.225 -60.6502 -73.3032 0
-33.7835 -58.8363 -11.035 -33.7835 -58.8363 0
-26.0483 -73.6272 -11.665 -26.0483 -73.6272 0
-50.8592 -43.4513 -12.025 -50.8592 -43.4513 0
-40.7187 -43.6209 -12.065 -40.7187 -43.6209 0
-52.6705 -88.9188 -11.995 -52.6705 -88.9188 0
-71.6951 -46.7514 -12.965 -71.6951 -46.7514 0
80.4919 9.39424 -10.935 80.4919 9.39424 0
84.7403 41.3565 -11.855 84.7403 41.3565 0
98.6092 29.1949 -11.045 98.6092 29.1949 0
132.356 40.1745 -4.245 132.356 40.1745 0.135
95.4546 59.3264 -11.825 95.4546 59.3264 0
112.882 51.2589 -10.835 112.882 51.2589 0
-100.023 -113.338 -12.105 -100.023 -113.338 0
-110.087 -97.7623 -11.195 -110.087 -97.7623 0
-75.7986 -100.553 -11.985 -75.7986 -100.553 0
-115.179 -83.0829 -11.975 -115.179 -83.0829 0
-83.6681 -85.1165 -11.095 -83.6681 -85.1165 0
-90.5746 -71.1687 -12.195 -90.5746 -71.1687 0
179.02 235.242 -10.805 179.02 235.242 0
138.708 243.179 -11.355 138.708 243.179 0
159.131 241.295 -10.535 159.131 241.295 0
146.807 263.849 -10.825 146.807 263.849 0
171.948 269.418 -10.835 171.948 269.418 0
190.39 257.94 -11.175 190.39 257.94 0
156.819 286.336 -10.785 156.819 286.336 0
169.126 304.91 -10.755 169.126 304.91 0
193.243 295.698 -11.195 193.243 295.698 0
206.672 278.828 -12.115 206.672 278.828 0
229.765 296.351 -12.045 229.765 296.351 0
187.346 321.92 -10.665 187.346 321.92 0
220.092 314.873 -11.055 220.092 314.873 0
202.957 336.609 -10.405 202.957 336.609 0.005
231.221 319.878 -11.075 231.221 319.878 0
126.819 188.901 -11.755 126.819 188.901 0
131.954 220.131 -11.585 131.954 220.131 0
146.314 184.688 -10.575 146.314 184.688 0
167.079 180.792 -9.395 167.079 180.792 0.435
171.952 206.487 -10.505 171.952 206.487 0
151.439 210.263 -10.515 151.439 210.263 0
134.952 123.914 -10.945 134.952 123.914 0
116.256 127.814 -11.985 116.256 127.814 0
115.283 150.126 -11.555 115.283 150.126 0
122.657 158.091 -11.865 122.657 158.091 0
155.746 120.08 -11.585 155.746 120.08 0
140.603 154.328 -10.865 140.603 154.328 0
161.378 151.12 -11.135 161.378 151.12 0
107.478 115.547 -11.875 107.478 115.547 0
255.907 306.145 -12.055 255.907 306.145 0
249.828 326.219 -10.945 249.828 326.219 0
247.549 351.353 -10.325 247.549 351.353 0.165
281.448 307.789 -11.705 281.448 307.789 0
282.033 329.484 -10.655 282.033 329.484 0
284.229 349.682 -10.205 284.229 349.682 0.245
223.732 347.177 -10.255 223.732 347.177 0.145
130.384 101.343 -10.955 130.384 101.343 0
151.579 96.3235 -11.225 151.579 96.3235 0
102.042 98.3398 -11.795 102.042 98.3398 0
146.412 66.3601 -11.155 146.412 66.3601 0
323.133 288.555 -10.995 323.133 288.555 0
330.969 297.978 -10.105 330.969 297.978 0
300.488 307.185 -11.535 300.488 307.185 0
322.251 326.153 -10.705 322.251 326.153 0
341.628 325.023 -10.585 341.628 325.023 0
340.627 342.606 -10.835 340.627 342.606 0
587.98 297.368 -9.365 587.98 297.368 1.625
618.19 299.285 -9.995 618.19 299.285 0
622.991 309.032 -9.815 622.991 309.032 0
626.346 331.868 -8.505 626.346 331.868 1.325
630.586 312.819 -9.415 630.586 312.819 0.955
597.868 345.727 -9.595 597.868 345.727 0.825
620.344 351.964 -9.465 620.344 351.964 1.215
598.861 279.238 -10.145 598.861 279.238 0
462.907 293.175 -8.955 462.907 293.175 1.105
474.983 280.954 -9.545 474.983 280.954 1.315
489.808 274.368 -7.575 489.808 274.368 0
477.7 303.631 -8.755 477.7 303.631 0.475
496.908 277.865 -9.525 496.908 277.865 1.065
507.274 275.957 -7.535 507.274 275.957 0
498.112 300.02 -9.085 498.112 300.02 0.805
479.66 320.364 -10.145 479.66 320.364 0.275
498.913 319.854 -10.195 498.913 319.854 0.255
521.98 303.462 -9.075 521.98 303.462 0.685
567.079 315.663 -8.805 567.079 315.663 0.845
550.002 290.029 -9.475 550.002 290.029 1.595
539.317 329.562 -9.825 539.317 329.562 0.445
561.875 335.739 -9.755 561.875 335.739 0.595
527.909 283.277 -9.685 527.909 283.277 1.375
568.371 291.928 -8.975 568.371 291.928 0
573.226 295.078 -9.245 573.226 295.078 1.545
544.769 309.53 -9.005 544.769 309.53 0.665
424.806 281.28 -9.855 424.806 281.28 0
453.061 290.237 -8.555 453.061 290.237 0
414.548 330.881 -10.755 414.548 330.881 0
439.42 311.664 -9.845 439.42 311.664 0
437.978 327.347 -10.605 437.978 327.347 0
461.364 323.308 -10.055 461.364 323.308 0
403.501 275.833 -9.995 403.501 275.833 0
438.895 276.209 -8.205 438.895 276.209 0
363.76 323.378 -10.535 363.76 323.378 0
365.715 339.069 -11.025 365.715 339.069 0
391.008 320.368 -10.255 391.008 320.368 0
391.197 335.289 -10.925 391.197 335.289 0
686.99 326.606 -9.325 686.99 326.606 1.155
681.996 347.052 -8.595 681.996 347.052 0.595
675.913 366.913 -9.535 675.913 366.913 0.985
650.387 338.443 -8.545 650.387 338.443 1.255
644.413 358.845 -9.375 644.413 358.845 0.915
740.02 341.581 -9.495 740.02 341.581 1.445
735.266 361.644 -8.555 735.266 361.644 2.495
729.892 381.515 -9.185 729.892 381.515 1.115
713.121 333.829 -9.385 713.121 333.829 1.035
707.193 353.933 -8.565 707.193 353.933 1.395
701.396 373.852 -9.075 701.396 373.852 1.045
830.382 349.732 -8.505 830.382 349.732 0
834.612 388.736 -7.665 834.612 388.736 1.835
828.831 408.577 -7.815 828.831 408.577 1.975
876.651 378.9 -7.885 876.651 378.9 2.665
858.468 395.149 -7.325 858.468 395.149 2.165
764.857 348.486 -9.475 764.857 348.486 1.045
759.677 368.314 -8.415 759.677 368.314 1.395
790.938 356.019 -9.365 790.938 356.019 1.325
814.317 362.537 -9.035 814.317 362.537 1.455
756.443 388.805 -9.185 756.443 388.805 1.195
786.261 375.622 -8.225 786.261 375.622 1.575
783.989 396.343 -8.855 783.989 396.343 1.385
810.036 382.13 -7.955 810.036 382.13 1.655
804.599 402.023 -8.815 804.599 402.023 1.675
866.519 419.015 -7.765 866.519 419.015 2.555
877.921 400.337 -7.045 877.921 400.337 2.845
906.268 386.351 -4.525 906.268 386.351 3.285
901.019 406.745 -6.665 901.019 406.745 3.165
896.49 427.127 -7.395 896.49 427.127 2.955
916.41 432.463 -4.255 916.41 432.463 3.135
927.68 392.003 -6.355 927.68 392.003 3.615
922.293 412.784 -6.415 922.293 412.784 3.375
953.396 399.467 -6.745 953.396 399.467 3.745
947.347 419.752 -5.995 947.347 419.752 3.775
970.251 394.258 -6.535 970.251 394.258 0
960.093 399.12 -5.765 960.093 399.12 0
979.4 405.999 -5.965 979.4 405.999 4.435
973.029 426.678 -5.865 973.029 426.678 3.925
953.366 442.455 -6.215 953.366 442.455 3.505
994.807 433.535 -5.665 994.807 433.535 3.835
982.907 450.942 -4.055 982.907 450.942 3.745
992.682 454.917 -5.415 992.682 454.917 0
1037.66 466.117 -4.775 1037.66 466.117 4.335
1051.26 453.2 -4.985 1051.26 453.2 0
-824.943 -94.9746 -9.695 -824.943 -94.9746 0
-828.758 -81.5787 -11.275 -828.758 -81.5787 0
-943.669 -23.3925 -9.005 -943.669 -23.3925 0
-896.998 39.4782 -10.345 -896.998 39.4782 0
-921.673 -3.01375 -9.695 -921.673 -3.01375 0
-917.881 20.8553 -10.085 -917.881 20.8553 0
-850.986 -78.6819 -10.915 -850.986 -78.6819 0
-851.598 -68.4034 -10.495 -851.598 -68.4034 0
-898.76 -50.4545 -9.425 -898.76 -50.4545 0
-874.733 -54.7293 -9.905 -874.733 -54.7293 0
-498.831 -312.502 -10.755 -498.831 -312.502 0
-487.077 -303.014 -11.015 -487.077 -303.014 0
-519.877 -299.97 -10.525 -519.877 -299.97 0
-502.155 -293.601 -9.755 -502.155 -293.601 0
-380.259 -227.316 -11.575 -380.259 -227.316 0
-621.858 -217.658 -9.625 -621.858 -217.658 0
-608.266 -180.928 -10.945 -608.266 -180.928 0
-591.894 -185.661 -11.045 -591.894 -185.661 0
-464.017 -221.205 -11.685 -464.017 -221.205 0
-448.209 -226.005 -11.505 -448.209 -226.005 0
-461.03 -207.178 -11.715 -461.03 -207.178 0
-452.426 -209.989 -11.575 -452.426 -209.989 0
-557.262 -191.564 -11.155 -557.262 -191.564 0
-551.971 -177.869 -11.275 -551.971 -177.869 0
-532.326 -182.354 -9.185 -532.326 -182.354 0
-520.082 -188.522 -11.435 -520.082 -188.522 0
-492.113 -212.906 -11.545 -492.113 -212.906 0
-488.109 -198.935 -11.575 -488.109 -198.935 0
-586.022 -242.127 -8.445 -586.022 -242.127 0
-606.101 -227.477 -10.995 -606.101 -227.477 0
-564.923 -254.79 -10.925 -564.923 -254.79 0
-556.263 -277.413 -9.865 -556.263 -277.413 0
-543.836 -267.816 -10.005 -543.836 -267.816 0
-602.061 -160.56 -11.045 -602.061 -160.56 0
-572.169 -171.598 -11.275 -572.169 -171.598 0
-584.803 -164.122 -11.155 -584.803 -164.122 0
-180.793 -219.349 -11.675 -180.793 -219.349 0
-213.407 -185.489 -11.965 -213.407 -185.489 0
-173.472 -182.345 -12.085 -173.472 -182.345 0
-198.578 -224.167 -11.555 -198.578 -224.167 0
-191.435 -241.711 -11.485 -191.435 -241.711 0
-188.756 -202.973 -11.735 -188.756 -202.973 0
-237.316 -192.32 -11.985 -237.316 -192.32 0
-282.005 -361.085 -8.935 -282.005 -361.085 0
-258.528 -362.246 -10.645 -258.528 -362.246 0
-291.266 -345.976 -10.095 -291.266 -345.976 0
-267.677 -347.568 -10.475 -267.677 -347.568 0
-252.857 -337.354 -10.925 -252.857 -337.354 0
-243.78 -363.662 -9.535 -243.78 -363.662 0
-233.124 -329.189 -10.265 -233.124 -329.189 0
-220.733 -364.934 -10.305 -220.733 -364.934 0
-197.463 -365.68 -10.505 -197.463 -365.68 0
-205.215 -351.402 -10.285 -205.215 -351.402 0
-173.456 -367.665 -10.165 -173.456 -367.665 0
-184.194 -353.001 -10.295 -184.194 -353.001 0
-229.745 -349.688 -10.335 -229.745 -349.688 0
-321.288 -385.806 -8.065 -321.288 -385.806 0
-312.075 -367.633 -8.955 -312.075 -367.633 0
-313.907 -344.571 -9.865 -313.907 -344.571 0
-304.041 -359.697 -9.965 -304.041 -359.697 0
-223.229 -308.711 -10.345 -223.229 -308.711 0
-212.492 -286.012 -11.335 -212.492 -286.012 0
-220.015 -268.867 -11.345 -220.015 -268.867 0
-202.64 -265.473 -11.165 -202.64 -265.473 0
129.598 -255.296 -9.965 129.598 -255.296 0
108.517 -236.889 -10.045 108.517 -236.889 0
131.073 -237.301 -9.915 131.073 -237.301 0
125.942 -218.993 -10.105 125.942 -218.993 0
147.591 -219.133 -9.995 147.591 -219.133 0
141.866 -199.766 -10.155 141.866 -199.766 0
162.961 -199.754 -9.965 162.961 -199.754 0
156.275 -180.919 -9.845 156.275 -180.919 0
179.056 -197.308 -9.915 179.056 -197.308 0
184.247 -169.194 -9.685 184.247 -169.194 0
201.232 -200.929 -9.595 201.232 -200.929 0
211.32 -187.473 -9.425 211.32 -187.473 0
172.791 -155.085 -10.135 172.791 -155.085 0
194.517 -155.474 -8.455 194.517 -155.474 0
171.216 -141.282 -10.505 171.216 -141.282 0
193.377 -128.993 -10.225 193.377 -128.993 0
207.371 -139.875 -10.135 207.371 -139.875 0
216.306 -128.837 -9.395 216.306 -128.837 0
210.14 -111.225 -9.905 210.14 -111.225 0
152.952 -136.791 -10.385 152.952 -136.791 0
172.68 -150.88 -4.505 172.68 -150.88 0
16.1468 -89.796 -11.815 16.1468 -89.796 0
33.4212 -90.1234 -11.835 33.4212 -90.1234 0
26.31 -77.925 -11.975 26.31 -77.925 0
32.1245 -109.406 -11.855 32.1245 -109.406 0
57.7497 -113.896 -11.765 57.7497 -113.896 0
78.628 -103.92 -11.375 78.628 -103.92 0
105.734 -125.567 -10.365 105.734 -125.567 0
130.119 -130.924 -11.015 130.119 -130.924 0
85.5152 -120.126 -10.185 85.5152 -120.126 0
99.4694 -108.807 -10.845 99.4694 -108.807 0
258.642 -70.2754 -8.785 258.642 -70.2754 0
252.837 -50.9043 -9.605 252.837 -50.9043 0
265.898 -33.2359 -9.305 265.898 -33.2359 0
272.254 -51.2487 -9.495 272.254 -51.2487 0
284.023 -47.5456 -9.225 284.023 -47.5456 0
287.088 -30.7231 -8.375 287.088 -30.7231 0
272.135 -21.9117 -8.865 272.135 -21.9117 0
283.322 -6.25475 -8.565 283.322 -6.25475 0
295.086 10.232 -8.105 295.086 10.232 0
313.059 10.3188 -8.115 313.059 10.3188 0
305.296 28.7979 -8.485 305.296 28.7979 0
323.464 33.3032 -8.985 323.464 33.3032 0
335.997 28.4408 -2.215 335.997 28.4408 0
315.018 51.9964 -8.625 315.018 51.9964 0
321.347 73.4688 -9.005 321.347 73.4688 0
338.528 79.7363 -9.095 338.528 79.7363 0
230.949 -108.791 -9.905 230.949 -108.791 0
217.132 -98.4649 -8.805 217.132 -98.4649 0
225.763 -90.5667 -8.675 225.763 -90.5667 0
244.907 -89.377 -8.525 244.907 -89.377 0
228.196 -83.3823 -9.455 228.196 -83.3823 0
239.637 -69.7204 -9.165 239.637 -69.7204 0
326.598 217.827 -9.765 326.598 217.827 0
340.574 227.919 -9.275 340.574 227.919 0
324.44 240.391 -8.425 324.44 240.391 0
338.14 250.07 -10.505 338.14 250.07 0
353.266 263.803 -10.365 353.266 263.803 0
325.334 264.327 -10.185 325.334 264.327 0
316.077 250.019 -4.135 316.077 250.019 0
341.141 106.635 -8.265 341.141 106.635 0
326.497 120.469 -7.485 326.497 120.469 0
328.17 144.414 -9.555 328.17 144.414 0
342.045 131.68 -9.265 342.045 131.68 0
327.744 191.997 -9.795 327.744 191.997 0
343.315 179.911 -8.875 343.315 179.911 0
342.145 204.255 -9.185 342.145 204.255 0
333.552 277.694 -11.105 333.552 277.694 0
378.376 269.73 -10.095 378.376 269.73 0
409.027 254.964 -9.035 409.027 254.964 0
412.298 270.724 -8.145 412.298 270.724 0
388.031 253.981 -6.785 388.031 253.981 0
385.947 276.074 -7.445 385.947 276.074 0
-464.106 -440.972 -11.095 -464.106 -440.972 0
-446.941 -453.394 -10.805 -446.941 -453.394 0
-447.456 -419.994 -10.735 -447.456 -419.994 0
-434.996 -464.6 -9.355 -434.996 -464.6 0
-572.643 -435.069 -9.815 -572.643 -435.069 0
-561.731 -447.39 -10.155 -561.731 -447.39 0
-554.784 -437.59 -10.885 -554.784 -437.59 0
-512.939 -454.329 -11.265 -512.939 -454.329 0
-488.279 -457.809 -10.245 -488.279 -457.809 0
-502.245 -445.211 -11.585 -502.245 -445.211 0
-540.54 -450.385 -11.175 -540.54 -450.385 0
-525.758 -441.833 -11.445 -525.758 -441.833 0
-456.374 -374.291 -10.865 -456.374 -374.291 0
-468.22 -361.047 -11.115 -468.22 -361.047 0
-422.543 -454.735 -10.745 -422.543 -454.735 0
-410.631 -466.154 -10.465 -410.631 -466.154 0
-391.308 -457.104 -9.315 -391.308 -457.104 0
-423.587 -446.743 -8.105 -423.587 -446.743 0
-384.709 -467.727 -9.325 -384.709 -467.727 0
-460.018 -394.588 -10.965 -460.018 -394.588 0
-160.182 -354.54 -10.245 -160.182 -354.54 0
-127.692 -371.146 -9.955 -127.692 -371.146 0
-150.743 -340.371 -9.615 -150.743 -340.371 0
-105.811 -401.297 -8.815 -105.811 -401.297 0
-143.339 -327.261 -6.625 -143.339 -327.261 0
-144.964 -319.842 -6.495 -144.964 -319.842 0
21.2176 -336.729 -9.605 21.2176 -336.729 0
11.8988 -319.779 -9.065 11.8988 -319.779 0
31.776 -322.472 -9.215 31.776 -322.472 0
38.4215 -339.698 -9.185 38.4215 -339.698 0
1.5592 -301.699 -9.225 1.5592 -301.699 0
37.7717 -304.168 -9.355 37.7717 -304.168 0
41.5861 -282.459 -8.365 41.5861 -282.459 0
-99.4798 -360.263 -9.545 -99.4798 -360.263 0
-102.64 -340.939 -8.375 -102.64 -340.939 0
-91.5087 -340.673 -9.505 -91.5087 -340.673 0
-72.3487 -348.188 -9.575 -72.3487 -348.188 0
-68.8527 -330.212 -9.405 -68.8527 -330.212 0
-70.6061 -311.459 -9.205 -70.6061 -311.459 0
-75.6789 -299.41 -8.855 -75.6789 -299.41 0
-104.477 -377.71 -9.315 -104.477 -377.71 0
-99.9468 -371.376 -8.025 -99.9468 -371.376 0
-112.683 -348.5 -10.015 -112.683 -348.5 0
89.3707 -252.669 -9.455 89.3707 -252.669 0
107.891 -261.412 -9.735 107.891 -261.412 0
64.6528 -288.666 -9.465 64.6528 -288.666 0
65.0918 -268.093 -9.705 65.0918 -268.093 0
66.8735 -255.287 -10.005 66.8735 -255.287 0
78.0522 -279.841 -9.575 78.0522 -279.841 0
-12.9526 -323.254 -9.415 -12.9526 -323.254 0
-24.0769 -312.604 -9.485 -24.0769 -312.604 0
-8.79103 -305.822 -8.715 -8.79103 -305.822 0
-63.7044 -318.934 -9.905 -63.7044 -318.934 0
-50.6445 -339.254 -9.405 -50.6445 -339.254 0
-28.7385 -329.903 -9.265 -28.7385 -329.903 0
-44.0233 -321.111 -9.565 -44.0233 -321.111 0
-52.0877 -316.937 -7.045 -52.0877 -316.937 0
620.44 71.4137 -6.215 620.44 71.4137 0
611.127 24.8182 -4.385 611.127 24.8182 0
606.925 37.5981 -6.725 606.925 37.5981 0.885
629.51 31.94 -7.145 629.51 31.94 0
615.736 48.0197 -7.355 615.736 48.0197 0
634.481 56.5034 -7.575 634.481 56.5034 0
624.438 95.0191 -7.765 624.438 95.0191 0
638.767 79.5428 -7.815 638.767 79.5428 0
642.014 104.58 -6.805 642.014 104.58 0
626.172 117.097 -8.005 626.172 117.097 0
642.971 128.167 -8.385 642.971 128.167 0
610.751 233.387 -9.735 610.751 233.387 0
629.346 224.557 -9.715 629.346 224.557 0
624.22 247.667 -9.515 624.22 247.667 0
626.232 140.099 -8.355 626.232 140.099 0
623.732 166.436 -8.885 623.732 166.436 0
641.772 153.199 -8.685 641.772 153.199 0
620.091 187.731 -9.275 620.091 187.731 0
638.506 178.862 -7.935 638.506 178.862 0
592.987 272.689 -9.075 592.987 272.689 0
604.906 257.275 -10.075 604.906 257.275 0
617.888 272.246 -9.095 617.888 272.246 0
816.595 -145.288 1.985 816.595 -145.288 9.665
826.496 -162.079 2.385 826.496 -162.079 8.965
871.57 -170.286 3.245 871.57 -170.286 9.185
840.021 -148.395 2.465 840.021 -148.395 9.465
883.297 -147.2 5.405 883.297 -147.2 9.175
869.377 -128.757 4.305 869.377 -128.757 8.295
758.517 0.333469 -1.475 758.517 0.333469 3.585
759.508 16.7989 -1.445 759.508 16.7989 4.565
577.216 -146.095 -5.475 577.216 -146.095 0.835
566.467 -130.453 -5.765 566.467 -130.453 0.985
585.015 -129.039 -5.565 585.015 -129.039 0.765
575.971 -102.359 -5.805 575.971 -102.359 0.935
608.712 -125.373 -5.485 608.712 -125.373 1.355
600.661 -107.187 -5.535 600.661 -107.187 0.995
623.343 -112.6 -5.175 623.343 -112.6 1.065
612.426 -103.329 -4.985 612.426 -103.329 1.795
659.576 -134.052 -4.125 659.576 -134.052 2.325
685.671 -138.503 -3.435 685.671 -138.503 3.075
675.929 -121.448 -3.155 675.929 -121.448 2.895
701.199 -125.618 -3.125 701.199 -125.618 3.335
649.228 -116.971 -4.405 649.228 -116.971 1.945
535.23 -199.467 -5.525 535.23 -199.467 1.115
534.257 -191.793 -3.895 534.257 -191.793 0
553.821 -198.496 -5.275 553.821 -198.496 2.145
558.647 -188.569 -5.325 558.647 -188.569 1.105
543.346 -183.398 -5.615 543.346 -183.398 1.115
551.625 -166.217 -5.085 551.625 -166.217 0.995
570.326 -163.665 -5.475 570.326 -163.665 0.915
555.882 -153.306 -5.655 555.882 -153.306 0.895
737.854 -147.165 -1.985 737.854 -147.165 4.555
728.555 -130.303 -2.315 728.555 -130.303 4.035
751.708 -134.257 -1.505 751.708 -134.257 4.985
598.813 -25.4734 -5.645 598.813 -25.4734 1.295
618.43 -16.2066 -6.655 618.43 -16.2066 1.165
605.77 1.35968 -6.655 605.77 1.35968 0
624.489 9.28754 -6.925 624.489 9.28754 0
596.408 24.0412 -5.665 596.408 24.0412 0.575
591.08 -52.6468 -4.475 591.08 -52.6468 1.505
603.068 -71.5405 -6.315 603.068 -71.5405 0.405
611.075 -43.6722 -6.395 611.075 -43.6722 1.365
595.675 -96.4445 -6.035 595.675 -96.4445 0.665
772.817 -137.851 0.215 772.817 -137.851 7.475
781.242 -154.626 0.255 781.242 -154.626 6.595
803.949 -158.338 1.505 803.949 -158.338 4.745
761.299 -151.268 -0.845 761.299 -151.268 5.165
795.277 -141.649 0.915 795.277 -141.649 7.585
875.761 -326.004 4.825 875.761 -326.004 9.895
897.256 -314.896 5.475 897.256 -314.896 11.915
921.16 -317.485 6.305 921.16 -317.485 13.455
718.823 -295.564 0.765 718.823 -295.564 7.235
740.811 -299.783 1.385 740.811 -299.783 7.995
710.519 -278.738 0.495 710.519 -278.738 7.315
718.64 -277.035 1.575 718.64 -277.035 4.315
729.603 -282.285 0.955 729.603 -282.285 6.765
755.543 -287.391 1.625 755.543 -287.391 7.975
771.623 -305.672 1.945 771.623 -305.672 8.825
780.279 -313.195 4.185 780.279 -313.195 7.815
786.533 -308.683 2.285 786.533 -308.683 9.015
783.555 -292.287 2.045 783.555 -292.287 7.965
808.235 -312.822 2.755 808.235 -312.822 10.115
800.144 -295.983 2.525 800.144 -295.983 9.045
839.674 -324.701 4.685 839.674 -324.701 8.865
853.81 -322.337 4.085 853.81 -322.337 10.745
822.664 -300.25 3.135 822.664 -300.25 9.145
830.543 -316.998 3.515 830.543 -316.998 8.755
844.18 -304.611 3.755 844.18 -304.611 10.245
832.682 -298.073 3.825 832.682 -298.073 10.805
867.99 -309.072 4.425 867.99 -309.072 11.065
667.476 -285.458 -0.135 667.476 -285.458 5.685
694.918 -290.838 0.355 694.918 -290.838 7.075
645.28 -281.195 -0.615 645.28 -281.195 6.725
658.422 -268.512 -0.635 658.422 -268.512 5.945
718.797 -235.962 -0.075 718.797 -235.962 2.925
722.753 -215.422 0.285 722.753 -215.422 2.275
747.985 -188.897 -0.465 747.985 -188.897 2.185
592.288 -270.96 -1.805 592.288 -270.96 3.795
582.552 -253.564 -3.075 582.552 -253.564 3.435
589.498 -252.531 -2.295 589.498 -252.531 1.155
617.327 -275.749 -1.845 617.327 -275.749 4.455
607.786 -258.431 -1.575 607.786 -258.431 4.335
633.913 -263.639 -1.255 633.913 -263.639 5.195
